1,2.94E-10,3.06E-09,2.99E-10,,,,,,,,,,,,,,,,
-2.94E-10,1,-3.58E-07,-3.99E-08,,,,,,,,,,,,,,,,
-3.06E-09,3.58E-07,1,7.49E-10,,,,,,,,,,,,,,,,
0,0,0,1,,,,,,,,,,,,,,,,
1,-6.56E-09,3.37E-07,3.65E-08,,,,,,,,,,,,,,,,
6.56E-09,1,-1.33E-09,-1.30E-10,,,,,,,,,,,,,,,,
-3.37E-07,1.33E-09,1,2.05E-10,,,,,,,,,,,,,,,,
0,0,0,1,,,,,,,,,,,,,,,,
1,-4.17E-07,6.56E-09,-1.72E-09,,,,,,,,,,,,,,,,
4.17E-07,1,3.81E-10,3.69E-12,,,,,,,,,,,,,,,,
-6.56E-09,-3.81E-10,1,2.56E-12,,,,,,,,,,,,,,,,
0,0,0,1,,,,,,,,,,,,,,,,
1,1.72E-09,3.65E-08,7.27E-09,,,,,,,,,,,,,,,,
-1.72E-09,1,8.22E-11,1.18E-11,,,,,,,,,,,,,,,,
-3.65E-08,-8.22E-11,1,2.15E-12,,,,,,,,,,,,,,,,
0,0,0,1,,,,,,,,,,,,,,,,
1,-3.02E-12,7.43E-11,1.18E-11,,,,,,,,,,,,,,,,
3.02E-12,1,3.99E-08,7.50E-09,,,,,,,,,,,,,,,,
-7.43E-11,-3.99E-08,1,-7.46E-11,,,,,,,,,,,,,,,,
0,0,0,1,,,,,,,,,,,,,,,,
1,-2.58E-12,1.32E-11,2.14E-12,,,,,,,,,,,,,,,,
2.58E-12,1,-5.59E-10,-7.46E-11,,,,,,,,,,,,,,,,
-1.32E-11,5.59E-10,1,6.64E-10,,,,,,,,,,,,,,,,
0,0,0,1,,,,,,,,,,,,,,,,
1,2.55E-08,1.82E-08,4.02E-09,,,,,,,,,,,,,,,,
-2.55E-08,0.999999997,-7.50E-06,-6.57E-07,,,,,,,,,,,,,,,,
-1.82E-08,7.50E-06,0.999999997,3.24E-07,,,,,,,,,,,,,,,,
0,0,0,1,,,,,,,,,,,,,,,,
0.999999999,7.19E-07,3.26E-06,3.67E-07,,,,,,,,,,,,,,,,
-7.19E-07,1,-1.23E-07,-9.92E-09,,,,,,,,,,,,,,,,
-3.26E-06,1.22E-07,0.999999999,1.05E-08,,,,,,,,,,,,,,,,
0,0,0,1,,,,,,,,,,,,,,,,
1,-1.13E-06,-7.19E-07,-1.57E-07,,,,,,,,,,,,,,,,
1.13E-06,1,-6.14E-09,-6.25E-10,,,,,,,,,,,,,,,,
7.19E-07,6.06E-09,1,5.46E-11,,,,,,,,,,,,,,,,
0,0,0,1,,,,,,,,,,,,,,,,
1,1.57E-07,3.67E-07,5.84E-08,,,,,,,,,,,,,,,,
-1.57E-07,1,1.56E-09,1.54E-10,,,,,,,,,,,,,,,,
-3.67E-07,-1.57E-09,1,4.51E-11,,,,,,,,,,,,,,,,
0,0,0,1,,,,,,,,,,,,,,,,
1,6.10E-10,1.12E-09,1.54E-10,,,,,,,,,,,,,,,,
-6.10E-10,1,6.29E-07,5.72E-08,,,,,,,,,,,,,,,,
-1.12E-09,-6.29E-07,1,-2.57E-08,,,,,,,,,,,,,,,,
0,0,0,1,,,,,,,,,,,,,,,,
1,-2.73E-11,4.19E-10,4.53E-11,,,,,,,,,,,,,,,,
2.74E-11,1,-3.12E-07,-2.57E-08,,,,,,,,,,,,,,,,
-4.19E-10,3.12E-07,1,2.34E-08,,,,,,,,,,,,,,,,
0,0,0,1,,,,,,,,,,,,,,,,
1,-1.42E-08,1.92E-08,2.19E-09,,,,,,,,,,,,,,,,
1.42E-08,0.999999997,-7.31E-06,-1.36E-06,,,,,,,,,,,,,,,,
-1.92E-08,7.31E-06,0.999999997,1.03E-07,,,,,,,,,,,,,,,,
0,0,0,1,,,,,,,,,,,,,,,,
1,-8.53E-07,1.48E-06,1.96E-07,,,,,,,,,,,,,,,,
8.53E-07,1,3.58E-10,5.09E-10,,,,,,,,,,,,,,,,
-1.48E-06,-2.31E-10,1,-5.85E-10,,,,,,,,,,,,,,,,
0,0,0,1,,,,,,,,,,,,,,,,
0.999999999,-3.95E-06,8.53E-07,6.35E-08,,,,,,,,,,,,,,,,
3.95E-06,0.999999999,-2.07E-09,-3.21E-10,,,,,,,,,,,,,,,,
-8.53E-07,2.41E-09,1,3.88E-11,,,,,,,,,,,,,,,,
0,0,0,1,,,,,,,,,,,,,,,,
1,-6.35E-08,1.96E-07,3.92E-08,,,,,,,,,,,,,,,,
6.35E-08,1,4.91E-10,9.59E-11,,,,,,,,,,,,,,,,
-1.96E-07,-4.89E-10,1,-1.36E-11,,,,,,,,,,,,,,,,
0,0,0,1,,,,,,,,,,,,,,,,
1,8.16E-10,2.72E-10,9.59E-11,,,,,,,,,,,,,,,,
-8.16E-10,1,1.37E-06,2.66E-07,,,,,,,,,,,,,,,,
-2.71E-10,-1.37E-06,1,-2.11E-08,,,,,,,,,,,,,,,,
0,0,0,1,,,,,,,,,,,,,,,,
1,-7.73E-11,-4.55E-11,-1.36E-11,,,,,,,,,,,,,,,,
7.73E-11,1,-1.04E-07,-2.11E-08,,,,,,,,,,,,,,,,
4.55E-11,1.04E-07,1,3.85E-09,,,,,,,,,,,,,,,,
0,0,0,1,,,,,,,,,,,,,,,,
1,4.29E-07,8.23E-07,2.39E-08,,,,,,,,,,,,,,,,
-4.29E-07,0.999999994,-1.05E-05,-8.19E-07,,,,,,,,,,,,,,,,
-8.24E-07,1.05E-05,0.999999994,-4.43E-07,,,,,,,,,,,,,,,,
0,0,0,1,,,,,,,,,,,,,,,,
0.999999999,-5.55E-07,5.09E-06,4.25E-07,,,,,,,,,,,,,,,,
5.57E-07,0.999999998,-5.62E-06,-4.08E-07,,,,,,,,,,,,,,,,
-5.09E-06,5.62E-06,0.999999997,-4.08E-07,,,,,,,,,,,,,,,,
0,0,0,1,,,,,,,,,,,,,,,,
1,-2.32E-06,9.08E-07,2.43E-07,,,,,,,,,,,,,,,,
2.32E-06,1,4.14E-07,6.29E-08,,,,,,,,,,,,,,,,
-9.08E-07,-4.14E-07,1,1.27E-08,,,,,,,,,,,,,,,,
0,0,0,1,,,,,,,,,,,,,,,,
1,-2.43E-07,5.02E-07,6.97E-08,,,,,,,,,,,,,,,,
2.43E-07,1,-2.91E-08,2.27E-09,,,,,,,,,,,,,,,,
-5.02E-07,2.92E-08,1,-3.28E-09,,,,,,,,,,,,,,,,
0,0,0,1,,,,,,,,,,,,,,,,
1,-6.30E-08,-5.73E-08,2.27E-09,,,,,,,,,,,,,,,,
6.30E-08,1,8.09E-07,6.63E-08,,,,,,,,,,,,,,,,
5.73E-08,-8.09E-07,1,3.19E-08,,,,,,,,,,,,,,,,
0,0,0,1,,,,,,,,,,,,,,,,
1,-1.27E-08,-6.16E-08,-3.28E-09,,,,,,,,,,,,,,,,
1.27E-08,1,4.34E-07,3.19E-08,,,,,,,,,,,,,,,,
6.16E-08,-4.34E-07,1,3.16E-08,,,,,,,,,,,,,,,,
0,0,0,1,,,,,,,,,,,,,,,,
1,-9.34E-07,4.77E-07,8.00E-08,,,,,,,,,,,,,,,,
9.35E-07,0.999999994,-1.11E-05,-2.07E-06,,,,,,,,,,,,,,,,
-4.76E-07,1.11E-05,0.999999994,-1.99E-07,,,,,,,,,,,,,,,,
0,0,0,1,,,,,,,,,,,,,,,,
1,1.12E-06,2.44E-06,3.50E-07,,,,,,,,,,,,,,,,
-1.12E-06,1,-3.33E-07,-4.51E-08,,,,,,,,,,,,,,,,
-2.44E-06,3.33E-07,1,9.55E-09,,,,,,,,,,,,,,,,
0,0,0,1,,,,,,,,,,,,,,,,
0.999999998,-6.26E-06,-1.10E-06,-5.92E-08,,,,,,,,,,,,,,,,
6.26E-06,0.999999998,-9.36E-07,-2.71E-07,,,,,,,,,,,,,,,,
1.10E-06,9.35E-07,1,-2.63E-08,,,,,,,,,,,,,,,,
0,0,0,1,,,,,,,,,,,,,,,,
1,5.92E-08,3.51E-07,6.54E-08,,,,,,,,,,,,,,,,
-5.92E-08,1,-8.00E-08,-1.42E-08,,,,,,,,,,,,,,,,
-3.51E-07,8.00E-08,1,2.18E-09,,,,,,,,,,,,,,,,
0,0,0,1,,,,,,,,,,,,,,,,
1,2.71E-07,-7.17E-08,-1.42E-08,,,,,,,,,,,,,,,,
-2.71E-07,1,2.07E-06,4.01E-07,,,,,,,,,,,,,,,,
7.18E-08,-2.07E-06,1,3.92E-08,,,,,,,,,,,,,,,,
0,0,0,1,,,,,,,,,,,,,,,,
1,2.62E-08,6.98E-09,2.18E-09,,,,,,,,,,,,,,,,
-2.62E-08,1,1.99E-07,3.92E-08,,,,,,,,,,,,,,,,
-6.98E-09,-1.99E-07,1,6.91E-09,,,,,,,,,,,,,,,,
0,0,0,1,,,,,,,,,,,,,,,,
1,1.74E-08,9.38E-08,9.07E-09,,,,,,,,,,,,,,,,
-1.72E-08,0.999999992,-1.26E-05,-9.83E-07,,,,,,,,,,,,,,,,
-9.39E-08,1.26E-05,0.999999992,4.59E-07,,,,,,,,,,,,,,,,
0,0,0,1,,,,,,,,,,,,,,,,
0.999999998,1.23E-06,6.73E-06,6.47E-07,,,,,,,,,,,,,,,,
-1.23E-06,1,-1.49E-07,-1.12E-08,,,,,,,,,,,,,,,,
-6.73E-06,1.49E-07,0.999999998,9.14E-09,,,,,,,,,,,,,,,,
0,0,0,1,,,,,,,,,,,,,,,,
1,-2.37E-06,-1.23E-06,-2.75E-07,,,,,,,,,,,,,,,,
2.37E-06,1,2.72E-10,6.82E-11,,,,,,,,,,,,,,,,
1.23E-06,-5.64E-10,1,-9.92E-12,,,,,,,,,,,,,,,,
0,0,0,1,,,,,,,,,,,,,,,,
1,2.74E-07,6.47E-07,9.01E-08,,,,,,,,,,,,,,,,
-2.74E-07,1,-2.58E-10,-2.14E-11,,,,,,,,,,,,,,,,
-6.47E-07,2.41E-10,1,2.16E-11,,,,,,,,,,,,,,,,
0,0,0,1,,,,,,,,,,,,,,,,
1,-3.41E-11,-1.84E-10,-2.15E-11,,,,,,,,,,,,,,,,
3.42E-11,1,9.73E-07,7.90E-08,,,,,,,,,,,,,,,,
1.84E-10,-9.73E-07,1,-3.30E-08,,,,,,,,,,,,,,,,
0,0,0,1,,,,,,,,,,,,,,,,
1,5.79E-11,1.95E-10,2.16E-11,,,,,,,,,,,,,,,,
-5.79E-11,1,-4.49E-07,-3.30E-08,,,,,,,,,,,,,,,,
-1.95E-10,4.49E-07,1,3.20E-08,,,,,,,,,,,,,,,,
0,0,0,1,,,,,,,,,,,,,,,,
1,-9.44E-07,-2.18E-06,-2.01E-07,,,,,,,,,,,,,,,,
9.42E-07,0.999999998,-7.00E-06,-4.83E-07,,,,,,,,,,,,,,,,
2.18E-06,7.00E-06,0.999999997,1.63E-07,,,,,,,,,,,,,,,,
0,0,0,1,,,,,,,,,,,,,,,,
0.999999994,1.84E-06,1.06E-05,9.14E-07,,,,,,,,,,,,,,,,
-1.84E-06,0.999999999,2.75E-06,7.57E-08,,,,,,,,,,,,,,,,
-1.06E-05,-2.75E-06,0.999999994,-4.87E-07,,,,,,,,,,,,,,,,
0,0,0,1,,,,,,,,,,,,,,,,
0.999999987,-1.62E-05,-1.92E-06,-5.57E-07,,,,,,,,,,,,,,,,
1.62E-05,0.999999987,-1.10E-06,1.09E-06,,,,,,,,,,,,,,,,
1.92E-06,1.10E-06,1,1.51E-07,,,,,,,,,,,,,,,,
0,0,0,1,,,,,,,,,,,,,,,,
1,5.56E-07,9.37E-07,9.48E-08,,,,,,,,,,,,,,,,
-5.57E-07,1,2.58E-07,-2.19E-08,,,,,,,,,,,,,,,,
-9.37E-07,-2.58E-07,1,-4.56E-08,,,,,,,,,,,,,,,,
0,0,0,1,,,,,,,,,,,,,,,,
1,-1.09E-06,7.57E-08,-2.19E-08,,,,,,,,,,,,,,,,
1.09E-06,1,4.88E-07,1.24E-07,,,,,,,,,,,,,,,,
-7.57E-08,-4.88E-07,1,-3.80E-09,,,,,,,,,,,,,,,,
0,0,0,1,,,,,,,,,,,,,,,,
1,-1.51E-07,-5.02E-07,-4.56E-08,,,,,,,,,,,,,,,,
1.51E-07,1,-1.98E-07,-3.80E-09,,,,,,,,,,,,,,,,
5.02E-07,1.98E-07,1,3.07E-08,,,,,,,,,,,,,,,,
0,0,0,1,,,,,,,,,,,,,,,,
1,-4.28E-09,1.28E-06,6.11E-09,,,,,,,,,,,,,,,,
1.10E-08,0.999999862,-5.26E-05,-2.19E-07,,,,,,,,,,,,,,,,
-1.28E-06,5.26E-05,0.999999861,3.78E-08,,,,,,,,,,,,,,,,
0,0,0,1,,,,,,,,,,,,,,,,
0.999999863,5.94E-08,5.23E-05,2.11E-07,,,,,,,,,,,,,,,,
-4.62E-08,1,-2.54E-06,-9.49E-09,,,,,,,,,,,,,,,,
-5.23E-05,2.54E-06,0.999999863,5.82E-08,,,,,,,,,,,,,,,,
0,0,0,1,,,,,,,,,,,,,,,,
0.999999999,-3.43E-06,-2.79E-08,-1.18E-08,,,,,,,,,,,,,,,,
3.43E-06,0.999999999,2.11E-07,6.79E-09,,,,,,,,,,,,,,,,
2.79E-08,-2.11E-07,1,-2.20E-10,,,,,,,,,,,,,,,,
0,0,0,1,,,,,,,,,,,,,,,,
1,7.42E-09,2.71E-07,1.44E-08,,,,,,,,,,,,,,,,
-7.42E-09,1,-9.19E-09,-5.91E-11,,,,,,,,,,,,,,,,
-2.71E-07,9.19E-09,1,3.27E-10,,,,,,,,,,,,,,,,
0,0,0,1,,,,,,,,,,,,,,,,
1,-1.70E-09,-8.12E-09,-6.87E-11,,,,,,,,,,,,,,,,
1.70E-09,1,2.80E-07,1.45E-08,,,,,,,,,,,,,,,,
8.12E-09,-2.80E-07,1,-3.72E-10,,,,,,,,,,,,,,,,
0,0,0,1,,,,,,,,,,,,,,,,
1,-2.96E-10,-1.18E-09,-2.02E-11,,,,,,,,,,,,,,,,
2.96E-10,1,8.36E-09,-1.32E-11,,,,,,,,,,,,,,,,
1.18E-09,-8.36E-09,1,3.02E-08,,,,,,,,,,,,,,,,
0,0,0,1,,,,,,,,,,,,,,,,
